0.0005    0.019965  
0.0010    0.028394  
0.0015    0.034874  
0.0020    0.040369  
0.0025    0.045256  
0.0050    0.064633  
0.0075    0.079746  
0.0100    0.092708  
0.0125    0.104259  
0.0150    0.114814  
0.0175    0.124608  
0.0200    0.133772  
0.0225    0.142429  
0.0250    0.150739  
0.0275    0.158565  
0.0300    0.166229  
0.0325    0.173756  
0.0350    0.180793  
0.0375    0.187739  
0.0400    0.194489  
0.0425    0.201094  
0.0450    0.207572  
0.0475    0.213877  
0.0500    0.220056  
0.0550    0.231797  
0.0600    0.243374  
0.0650    0.254585  
0.0700    0.265472  
0.0750    0.276070  
0.0800    0.286406  
0.0850    0.296507  
0.0900    0.306393  
0.0950    0.316066  
0.1000    0.325586  
0.1500    0.413136  
0.2000    0.491599  
0.2500    0.564333  
0.3000    0.633007  
0.3500    0.698849  
0.4000    0.762455  
0.4500    0.824484  
0.5000    0.884593  
0.7500    1.172020  
1.0000    1.445520  
1.2500    1.709360  
1.5000    1.970740  
1.7500    2.227420  
2.0000    2.483960  
2.2500    2.736760  
2.5000    2.990940  
2.7500    3.243540  
3.0000    3.492520  
3.2500    3.742940  
3.5000    3.995190  
3.7500    4.242740  
4.0000    4.492380  
4.2500    4.738590  
4.5000    4.990430  
4.7500    5.240830  
5.0000    5.498820  
