0.0005	   0.019690  
0.0010	   0.027694  
0.0015	   0.033789  
0.0020	   0.038896  
0.0025	   0.043372  
0.0050	   0.060721  
0.0075	   0.073808  
0.0100	   0.084693  
0.0125	   0.094171  
0.0150	   0.102651  
0.0175	   0.110375  
0.0200	   0.117503  
0.0225	   0.124142  
0.0250	   0.130374  
0.0275	   0.136259  
0.0300	   0.141842  
0.0325	   0.147162  
0.0350	   0.152249  
0.0375	   0.157127  
0.0400	   0.161817  
0.0425	   0.166337  
0.0450	   0.170702  
0.0475	   0.174924  
0.0500	   0.179015  
0.0550	   0.186842  
0.0600	   0.194248  
0.0650	   0.201287  
0.0700	   0.207999  
0.0750	   0.214421  
0.0800	   0.220581  
0.0850	   0.226505  
0.0900	   0.232212  
0.0950	   0.237722  
0.1000	   0.243050  
0.1500	   0.288719  
0.2000	   0.325071  
0.2500	   0.355581  
0.3000	   0.382016  
0.3500	   0.405415  
0.4000	   0.426452  
0.4500	   0.445588  
0.5000	   0.463159  
1.0000	   0.588642  
1.5000	   0.668992  
2.0000	   0.728540  
2.5000	   0.775976  
3.0000	   0.815456  
3.5000	   0.849298  
4.0000	   0.878933  
4.5000	   0.905305  
5.0000	   0.929070  
10.0000	   1.088998  
15.0000    1.184918  
20.0000    1.253794  
25.0000    1.307607  
30.0000    1.351794  
35.0000    1.389289  
40.0000    1.421860  
45.0000    1.450654  
50.0000    1.476457  
100.0000   1.647113  
150.0000   1.747485  
200.0000   1.818873  
250.0000   1.874323  
300.0000   1.919671  
350.0000   1.958037  
400.0000   1.991288  
450.0000   2.020630  
500.0000   2.046885  
1000.0000  2.219765  
1500.0000  2.320983  
2000.0000  2.392826  
2500.0000  2.448562  
3000.0000  2.494109  
3500.0000  2.532622  
4000.0000  2.565985  
4500.0000  2.595416  
5000.0000  2.621743  
